# unix_time, cycles_done, cur_path, paths_total, pending_total, pending_favs, map_size, unique_crashes, unique_hangs, max_depth, execs_per_sec
1659084838, 0, 0, 1, 1, 1, 0.65%, 0, 0, 1, 181.82
1659084848, 0, 0, 11, 11, 1, 0.74%, 0, 0, 2, 199.66
1659084854, 0, 0, 40, 40, 1, 0.75%, 2, 0, 2, 250.33
1659084859, 0, 0, 44, 44, 1, 0.75%, 2, 0, 2, 44.66
1659084869, 0, 0, 45, 45, 1, 0.75%, 2, 0, 2, 209.80
1659085032, 0, 0, 46, 46, 1, 0.75%, 2, 0, 2, 217.85
1659085052, 0, 0, 48, 48, 1, 0.75%, 2, 0, 2, 217.48
1659085753, 0, 0, 50, 50, 1, 0.75%, 2, 0, 2, 216.84
1659085798, 0, 0, 51, 51, 1, 0.75%, 2, 0, 2, 221.15
1659085956, 0, 0, 52, 52, 1, 0.75%, 2, 0, 2, 216.39
1659086472, 0, 0, 53, 53, 1, 0.75%, 2, 0, 2, 214.82
1659086477, 0, 0, 57, 57, 1, 0.75%, 2, 0, 2, 216.43
1659086498, 0, 0, 59, 59, 1, 0.75%, 2, 0, 2, 217.27
1659086518, 0, 0, 60, 60, 1, 0.75%, 2, 0, 2, 214.47
1659086656, 0, 0, 61, 61, 1, 0.75%, 2, 0, 2, 210.93
