# relative_time, cycles_done, cur_item, corpus_count, pending_total, pending_favs, map_size, saved_crashes, saved_hangs, max_depth, execs_per_sec, total_execs, edges_found
61, 0, 0, 122, 122, 1, 0.01%, 0, 2, 2, 339.22, 18974, 481
67, 0, 0, 123, 123, 1, 0.01%, 0, 2, 2, 328.41, 20554, 481
72, 0, 0, 124, 124, 1, 0.01%, 0, 2, 2, 335.93, 22248, 481
77, 0, 0, 124, 124, 1, 0.01%, 0, 2, 2, 349.90, 23826, 481
82, 0, 0, 127, 127, 1, 0.01%, 0, 2, 2, 325.64, 25387, 485
87, 0, 0, 127, 127, 1, 0.01%, 0, 2, 2, 336.23, 27007, 485
92, 0, 0, 127, 127, 1, 0.01%, 0, 2, 2, 344.57, 28813, 485
97, 0, 0, 127, 127, 1, 0.01%, 0, 2, 2, 334.47, 30369, 485
102, 0, 0, 127, 127, 1, 0.01%, 0, 2, 2, 339.99, 32085, 485
107, 0, 0, 129, 129, 1, 0.01%, 0, 2, 2, 353.15, 33849, 485
112, 0, 124, 133, 132, 39, 0.01%, 0, 2, 3, 342.41, 35621, 485
117, 0, 86, 135, 133, 39, 0.01%, 0, 2, 3, 326.82, 37264, 486
123, 0, 91, 135, 132, 38, 0.01%, 0, 2, 3, 338.04, 38864, 486
128, 0, 40, 135, 130, 36, 0.01%, 0, 2, 3, 336.78, 40560, 486
134, 0, 42, 135, 128, 34, 0.01%, 0, 3, 3, 17.06, 42154, 486
139, 0, 28, 136, 128, 33, 0.01%, 0, 3, 3, 347.95, 43941, 487
144, 0, 44, 137, 127, 32, 0.01%, 0, 3, 3, 338.02, 45621, 487
149, 0, 75, 141, 129, 31, 0.01%, 0, 3, 4, 335.74, 47316, 487
154, 0, 43, 142, 129, 30, 0.01%, 0, 3, 4, 328.15, 48927, 487
159, 0, 98, 144, 130, 29, 0.01%, 0, 3, 4, 334.86, 50629, 487
164, 0, 34, 144, 128, 27, 0.01%, 0, 3, 4, 332.60, 52297, 487
169, 0, 27, 145, 128, 26, 0.01%, 0, 3, 4, 331.96, 54015, 487
174, 0, 87, 148, 129, 24, 0.01%, 0, 3, 4, 331.21, 55684, 487
179, 0, 110, 150, 129, 21, 0.01%, 0, 3, 4, 304.55, 57275, 487
184, 0, 110, 165, 144, 21, 0.01%, 0, 4, 4, 205.00, 57988, 491
190, 0, 110, 170, 149, 21, 0.01%, 2, 4, 4, 179.53, 58879, 492
195, 0, 110, 176, 155, 21, 0.01%, 3, 4, 4, 181.81, 59800, 493
200, 0, 110, 183, 162, 21, 0.01%, 3, 4, 4, 202.47, 60868, 496
205, 0, 110, 184, 163, 21, 0.01%, 3, 4, 4, 169.15, 61520, 496
210, 0, 110, 186, 165, 21, 0.01%, 4, 4, 4, 181.58, 62419, 496
215, 0, 110, 188, 167, 21, 0.01%, 4, 5, 4, 181.19, 63115, 496
220, 0, 110, 192, 171, 21, 0.01%, 4, 5, 4, 177.93, 64017, 496
225, 0, 110, 192, 171, 21, 0.01%, 4, 5, 4, 186.67, 65016, 496
230, 0, 110, 193, 172, 21, 0.01%, 4, 5, 4, 195.91, 66026, 496
235, 0, 110, 194, 173, 21, 0.01%, 4, 5, 4, 198.14, 67021, 496
240, 0, 110, 196, 175, 21, 0.01%, 5, 5, 4, 189.73, 67979, 499
246, 0, 110, 196, 175, 21, 0.01%, 5, 5, 4, 188.37, 68952, 499
251, 0, 110, 196, 175, 21, 0.01%, 5, 5, 4, 171.30, 69825, 499
256, 0, 110, 198, 177, 21, 0.01%, 5, 5, 4, 30.41, 70681, 499
261, 0, 110, 202, 181, 21, 0.01%, 5, 5, 4, 185.61, 71619, 501
266, 0, 110, 203, 182, 21, 0.01%, 5, 5, 4, 168.41, 72509, 501
271, 0, 110, 204, 183, 21, 0.01%, 5, 5, 4, 185.94, 73447, 501
276, 0, 110, 204, 183, 21, 0.01%, 5, 5, 4, 193.42, 74473, 501
282, 0, 110, 205, 184, 21, 0.01%, 5, 5, 4, 189.59, 75444, 501
287, 0, 39, 206, 184, 27, 0.01%, 6, 5, 4, 259.97, 76695, 501
292, 0, 126, 207, 184, 27, 0.01%, 6, 6, 4, 46.05, 77425, 501
297, 0, 126, 213, 190, 27, 0.01%, 9, 6, 4, 43.15, 77623, 512
302, 0, 126, 217, 194, 27, 0.01%, 9, 6, 4, 50.76, 77885, 513
307, 0, 126, 222, 199, 27, 0.01%, 9, 6, 4, 49.72, 78139, 528
312, 0, 126, 225, 202, 27, 0.01%, 9, 6, 4, 51.83, 78428, 528
317, 0, 126, 226, 203, 27, 0.01%, 9, 6, 4, 59.27, 78734, 528
323, 0, 126, 229, 206, 27, 0.01%, 11, 6, 4, 53.93, 78994, 528
328, 0, 126, 232, 209, 27, 0.01%, 11, 7, 4, 58.42, 79209, 530
333, 0, 126, 232, 209, 27, 0.01%, 12, 7, 4, 58.28, 79494, 530
338, 0, 126, 234, 211, 27, 0.01%, 12, 7, 4, 56.55, 79763, 530
343, 0, 126, 234, 211, 27, 0.01%, 12, 7, 4, 48.76, 80018, 530
348, 0, 126, 238, 215, 27, 0.01%, 13, 7, 4, 50.31, 80287, 531
354, 0, 126, 241, 218, 27, 0.01%, 13, 7, 4, 50.49, 80545, 537
359, 0, 126, 241, 218, 27, 0.01%, 13, 8, 4, 67.40, 80800, 537
364, 0, 126, 242, 219, 27, 0.01%, 14, 8, 4, 57.69, 81071, 537
369, 0, 126, 243, 220, 27, 0.01%, 14, 8, 4, 52.88, 81330, 537
374, 0, 126, 244, 221, 27, 0.01%, 14, 8, 4, 50.58, 81593, 539
379, 0, 126, 247, 224, 27, 0.01%, 15, 8, 4, 55.07, 81868, 539
384, 0, 126, 250, 227, 27, 0.01%, 15, 8, 4, 60.96, 82185, 540
390, 0, 126, 251, 228, 27, 0.01%, 15, 9, 4, 50.75, 82408, 540
395, 0, 126, 253, 230, 27, 0.01%, 15, 9, 4, 58.67, 82723, 540
400, 0, 126, 254, 231, 27, 0.01%, 15, 9, 4, 54.93, 83001, 540
405, 0, 126, 254, 231, 27, 0.01%, 17, 9, 4, 58.04, 83296, 540
410, 0, 126, 255, 232, 27, 0.01%, 17, 9, 4, 55.87, 83571, 540
415, 0, 126, 257, 234, 27, 0.01%, 17, 9, 4, 57.64, 83853, 540
420, 0, 126, 259, 236, 27, 0.01%, 17, 9, 4, 58.20, 84149, 540
426, 0, 126, 260, 237, 27, 0.01%, 17, 10, 4, 6.10, 84419, 540
431, 0, 126, 261, 238, 27, 0.01%, 17, 10, 4, 56.96, 84725, 543
436, 0, 126, 261, 238, 27, 0.01%, 17, 10, 4, 58.16, 85016, 543
441, 0, 126, 263, 240, 27, 0.01%, 17, 10, 4, 58.52, 85296, 543
446, 0, 126, 265, 242, 27, 0.01%, 19, 10, 4, 56.54, 85586, 545
452, 0, 126, 265, 242, 27, 0.01%, 19, 10, 4, 58.99, 85888, 545
457, 0, 126, 265, 242, 27, 0.01%, 19, 10, 4, 59.22, 86186, 545
462, 0, 126, 266, 243, 27, 0.01%, 19, 10, 4, 50.87, 86434, 547
467, 0, 126, 267, 244, 27, 0.01%, 19, 10, 4, 54.36, 86713, 547
472, 0, 126, 267, 244, 27, 0.01%, 20, 10, 4, 50.25, 86948, 547
477, 0, 126, 268, 245, 27, 0.01%, 20, 10, 4, 51.80, 87215, 547
482, 0, 126, 268, 245, 27, 0.01%, 20, 10, 4, 54.72, 87504, 547
488, 0, 126, 268, 245, 27, 0.01%, 21, 10, 4, 10.64, 87796, 547
493, 0, 126, 268, 245, 27, 0.01%, 21, 11, 4, 79.42, 88055, 547
498, 0, 126, 268, 245, 27, 0.01%, 21, 11, 4, 62.34, 88343, 547
503, 0, 126, 269, 246, 27, 0.01%, 21, 11, 4, 54.54, 88609, 547
508, 0, 126, 271, 248, 27, 0.01%, 21, 11, 4, 53.00, 88864, 547
514, 0, 126, 272, 249, 27, 0.01%, 21, 11, 4, 53.92, 89159, 547
519, 0, 126, 272, 249, 27, 0.01%, 21, 11, 4, 58.65, 89468, 547
524, 0, 126, 273, 250, 27, 0.01%, 22, 11, 4, 55.52, 89720, 547
529, 0, 126, 273, 250, 27, 0.01%, 22, 11, 4, 55.71, 90028, 547
534, 0, 126, 275, 252, 27, 0.01%, 22, 11, 4, 57.01, 90298, 548
539, 0, 126, 279, 256, 27, 0.01%, 22, 11, 4, 53.02, 90557, 549
544, 0, 126, 279, 256, 27, 0.01%, 22, 11, 4, 59.87, 90881, 549
549, 0, 126, 279, 256, 27, 0.01%, 22, 11, 4, 51.86, 91119, 549
554, 0, 126, 279, 256, 27, 0.01%, 23, 11, 4, 52.89, 91395, 549
559, 0, 126, 279, 256, 27, 0.01%, 24, 11, 4, 64.16, 91718, 549
565, 0, 126, 280, 257, 27, 0.01%, 24, 11, 4, 41.63, 91996, 549
570, 0, 126, 281, 258, 27, 0.01%, 24, 11, 4, 53.24, 92271, 549
575, 0, 126, 282, 259, 27, 0.01%, 24, 11, 4, 60.91, 92592, 549
580, 0, 126, 282, 259, 27, 0.01%, 24, 11, 4, 58.08, 92877, 549
585, 0, 126, 282, 259, 27, 0.01%, 24, 11, 4, 55.84, 93157, 549
590, 0, 126, 282, 259, 27, 0.01%, 24, 11, 4, 55.66, 93449, 549
595, 0, 126, 282, 259, 27, 0.01%, 24, 11, 4, 56.44, 93753, 549
601, 0, 126, 282, 259, 27, 0.01%, 24, 11, 4, 55.75, 94040, 549
606, 0, 126, 282, 259, 27, 0.01%, 24, 11, 4, 56.07, 94326, 549
611, 0, 126, 282, 259, 27, 0.01%, 24, 11, 4, 56.31, 94612, 549
616, 0, 126, 282, 259, 27, 0.01%, 24, 11, 4, 54.45, 94895, 549
621, 0, 126, 283, 260, 27, 0.01%, 24, 11, 4, 58.11, 95207, 549
626, 0, 126, 283, 260, 27, 0.01%, 24, 11, 4, 59.83, 95523, 549
632, 0, 126, 284, 261, 27, 0.01%, 24, 11, 4, 54.69, 95792, 550
637, 0, 126, 285, 262, 27, 0.01%, 25, 11, 4, 64.71, 96140, 550
642, 0, 126, 285, 262, 27, 0.01%, 25, 11, 4, 54.72, 96387, 550
647, 0, 126, 285, 262, 27, 0.01%, 25, 11, 4, 52.09, 96647, 550
652, 0, 126, 285, 262, 27, 0.01%, 25, 11, 4, 53.16, 96915, 550
657, 0, 126, 286, 263, 27, 0.01%, 25, 11, 4, 53.45, 97180, 550
662, 0, 126, 287, 264, 27, 0.01%, 26, 11, 4, 58.23, 97473, 550
667, 0, 126, 288, 265, 27, 0.01%, 26, 11, 4, 57.24, 97757, 550
672, 0, 126, 288, 265, 27, 0.01%, 27, 11, 4, 66.02, 98102, 550
677, 0, 126, 288, 265, 27, 0.01%, 27, 11, 4, 64.53, 98359, 550
682, 0, 126, 289, 266, 27, 0.01%, 27, 11, 4, 56.12, 98629, 550
687, 0, 126, 290, 267, 27, 0.01%, 27, 11, 4, 59.48, 98937, 550
693, 0, 126, 294, 271, 27, 0.01%, 27, 11, 4, 57.76, 99211, 550
698, 0, 126, 295, 272, 27, 0.01%, 27, 11, 4, 58.54, 99505, 550
703, 0, 126, 295, 272, 27, 0.01%, 28, 11, 4, 75.37, 99790, 550
708, 0, 126, 295, 272, 27, 0.01%, 28, 11, 4, 62.37, 100095, 550
713, 0, 126, 298, 275, 27, 0.01%, 28, 11, 4, 63.44, 100413, 550
718, 0, 126, 300, 277, 27, 0.01%, 28, 11, 4, 57.90, 100709, 550
723, 0, 126, 300, 277, 27, 0.01%, 28, 11, 4, 58.04, 101010, 550
729, 0, 126, 301, 278, 27, 0.01%, 28, 11, 4, 55.51, 101290, 550
734, 0, 126, 301, 278, 27, 0.01%, 28, 11, 4, 51.49, 101545, 550
739, 0, 126, 302, 279, 27, 0.01%, 29, 11, 4, 56.92, 101851, 550
744, 0, 126, 302, 279, 27, 0.01%, 30, 11, 4, 58.87, 102146, 550
749, 0, 22, 303, 279, 37, 0.01%, 30, 11, 4, 246.99, 103452, 550
754, 0, 233, 309, 284, 36, 0.01%, 30, 11, 4, 253.00, 104756, 550
759, 0, 233, 315, 290, 36, 0.01%, 30, 11, 4, 256.42, 106014, 550
764, 0, 233, 317, 292, 36, 0.01%, 31, 11, 4, 254.35, 107300, 550
769, 0, 233, 317, 292, 36, 0.01%, 31, 11, 4, 234.08, 108466, 550
774, 0, 233, 323, 298, 36, 0.01%, 31, 11, 4, 244.42, 109708, 550
780, 0, 233, 324, 299, 36, 0.01%, 31, 12, 4, 21.85, 110819, 550
786, 0, 233, 326, 301, 36, 0.01%, 31, 13, 4, 6.27, 111820, 550
791, 0, 233, 328, 303, 36, 0.01%, 31, 13, 4, 231.33, 112884, 550
796, 0, 233, 330, 305, 36, 0.01%, 31, 13, 4, 251.22, 114212, 550
801, 0, 233, 333, 308, 36, 0.01%, 31, 13, 4, 228.28, 115380, 550
806, 0, 233, 337, 312, 36, 0.01%, 31, 13, 4, 239.91, 116644, 551
811, 0, 233, 338, 313, 36, 0.01%, 31, 13, 4, 265.70, 118006, 551
816, 0, 233, 341, 316, 36, 0.01%, 31, 13, 4, 252.72, 119245, 551
821, 0, 233, 344, 319, 36, 0.01%, 31, 13, 4, 252.55, 120516, 551
826, 0, 233, 345, 320, 36, 0.01%, 31, 13, 4, 261.98, 121792, 551
832, 0, 233, 347, 322, 36, 0.01%, 31, 13, 4, 265.12, 123033, 551
837, 0, 233, 347, 322, 36, 0.01%, 31, 13, 4, 264.21, 124143, 551
842, 0, 233, 347, 322, 36, 0.01%, 31, 13, 4, 238.20, 125328, 551
847, 0, 233, 347, 322, 36, 0.01%, 31, 13, 4, 255.68, 126593, 551
852, 0, 233, 348, 323, 36, 0.01%, 31, 13, 4, 228.18, 127732, 551
857, 0, 233, 348, 323, 36, 0.01%, 31, 13, 4, 261.79, 129081, 551
862, 0, 233, 362, 337, 36, 0.01%, 31, 13, 4, 263.36, 130361, 554
867, 0, 233, 366, 341, 36, 0.01%, 31, 13, 4, 235.17, 131569, 554
872, 0, 233, 371, 346, 36, 0.01%, 32, 13, 4, 240.96, 132633, 554
877, 0, 303, 375, 349, 41, 0.01%, 32, 13, 5, 238.96, 133946, 554
882, 0, 303, 375, 349, 41, 0.01%, 32, 13, 5, 174.95, 134717, 554
888, 0, 303, 375, 349, 41, 0.01%, 32, 13, 5, 177.48, 135596, 554
893, 0, 303, 375, 349, 41, 0.01%, 32, 13, 5, 157.23, 136385, 554
898, 0, 303, 377, 351, 41, 0.01%, 32, 13, 5, 175.60, 137274, 554
903, 0, 303, 377, 351, 41, 0.01%, 33, 13, 5, 159.19, 138060, 554
908, 0, 303, 377, 351, 41, 0.01%, 33, 13, 5, 160.16, 138873, 554
914, 0, 303, 378, 352, 41, 0.01%, 33, 13, 5, 159.99, 139718, 554
919, 0, 303, 379, 353, 41, 0.01%, 33, 13, 5, 159.61, 140527, 554
924, 0, 303, 379, 353, 41, 0.01%, 33, 13, 5, 153.01, 141349, 554
929, 0, 303, 379, 353, 41, 0.01%, 33, 13, 5, 162.63, 142201, 554
934, 0, 303, 379, 353, 41, 0.01%, 33, 13, 5, 166.92, 143059, 554
939, 0, 303, 379, 353, 41, 0.01%, 33, 13, 5, 176.26, 143932, 554
945, 0, 303, 379, 353, 41, 0.01%, 33, 13, 5, 155.29, 144718, 554
950, 0, 303, 379, 353, 41, 0.01%, 34, 13, 5, 172.28, 145630, 554
955, 0, 303, 380, 354, 41, 0.01%, 34, 13, 5, 162.99, 146469, 554
960, 0, 303, 381, 355, 41, 0.01%, 34, 13, 5, 152.88, 147236, 554
965, 0, 303, 381, 355, 41, 0.01%, 34, 13, 5, 157.77, 148037, 554
970, 0, 303, 382, 356, 41, 0.01%, 34, 13, 5, 158.03, 148789, 554
976, 0, 303, 382, 356, 41, 0.01%, 34, 13, 5, 168.52, 149677, 554
981, 0, 303, 382, 356, 41, 0.01%, 34, 13, 5, 157.52, 150490, 554
986, 0, 303, 382, 356, 41, 0.01%, 34, 13, 5, 161.30, 151300, 554
991, 0, 303, 382, 356, 41, 0.01%, 34, 13, 5, 174.73, 152149, 554
996, 0, 303, 383, 357, 41, 0.01%, 34, 13, 5, 178.84, 153021, 554
1001, 0, 303, 383, 357, 41, 0.01%, 34, 13, 5, 161.04, 153813, 554
1006, 0, 303, 383, 357, 41, 0.01%, 34, 13, 5, 181.80, 154794, 554
1012, 0, 303, 384, 358, 41, 0.01%, 34, 13, 5, 163.66, 155600, 554
1017, 0, 303, 384, 358, 41, 0.01%, 34, 13, 5, 173.49, 156500, 554
1022, 0, 303, 385, 359, 41, 0.01%, 34, 13, 5, 187.53, 157324, 554
1027, 0, 303, 385, 359, 41, 0.01%, 34, 13, 5, 186.30, 158176, 554
1032, 0, 303, 385, 359, 41, 0.01%, 34, 13, 5, 168.05, 158941, 554
1037, 0, 303, 385, 359, 41, 0.01%, 35, 13, 5, 172.04, 159814, 554
1042, 0, 303, 385, 359, 41, 0.01%, 35, 13, 5, 161.36, 160651, 554
1047, 0, 303, 385, 359, 41, 0.01%, 36, 13, 5, 155.58, 161366, 554
1052, 0, 303, 385, 359, 41, 0.01%, 36, 13, 5, 176.71, 162260, 554
1058, 0, 303, 385, 359, 41, 0.01%, 36, 13, 5, 167.68, 163115, 554
1063, 0, 303, 386, 360, 41, 0.01%, 36, 13, 5, 171.00, 164026, 554
1068, 0, 303, 386, 360, 41, 0.01%, 36, 13, 5, 163.93, 164860, 554
1073, 0, 303, 386, 360, 41, 0.01%, 36, 13, 5, 206.37, 165603, 554
1078, 0, 303, 386, 360, 41, 0.01%, 36, 13, 5, 176.04, 166438, 554
1083, 0, 303, 395, 369, 41, 0.01%, 36, 13, 5, 268.87, 167900, 554
1088, 0, 303, 402, 376, 41, 0.01%, 36, 13, 5, 278.82, 169326, 554
1093, 0, 303, 403, 377, 41, 0.01%, 36, 13, 5, 324.45, 170601, 554
1098, 0, 303, 404, 378, 41, 0.01%, 36, 13, 5, 366.89, 171853, 554
1103, 0, 302, 407, 380, 40, 0.01%, 36, 13, 5, 345.03, 173553, 554
1108, 0, 384, 408, 380, 39, 0.01%, 36, 13, 5, 353.36, 175326, 554
1114, 0, 384, 409, 381, 39, 0.01%, 36, 13, 6, 273.61, 176765, 554
1119, 0, 384, 410, 382, 39, 0.01%, 36, 14, 6, 5.98, 177031, 554
1125, 0, 384, 414, 386, 39, 0.01%, 36, 14, 6, 41.04, 177508, 554
1130, 0, 384, 416, 388, 39, 0.01%, 37, 14, 6, 59.76, 177836, 554
1135, 0, 384, 417, 389, 39, 0.01%, 37, 14, 6, 59.08, 178121, 554
1140, 0, 384, 417, 389, 39, 0.01%, 37, 14, 6, 71.93, 178498, 554
1145, 0, 384, 418, 390, 39, 0.01%, 37, 14, 6, 65.65, 178815, 554
1150, 0, 384, 418, 390, 39, 0.01%, 38, 14, 6, 63.06, 179140, 554
1155, 0, 384, 418, 390, 39, 0.01%, 38, 14, 6, 77.48, 179562, 554
1160, 0, 384, 418, 390, 39, 0.01%, 38, 14, 6, 68.28, 179891, 554
1165, 0, 384, 418, 390, 39, 0.01%, 38, 14, 6, 71.87, 180229, 554
1170, 0, 384, 420, 392, 39, 0.01%, 38, 14, 6, 69.76, 180583, 554
1176, 0, 384, 420, 392, 39, 0.01%, 38, 14, 6, 76.28, 180987, 554
1181, 0, 384, 420, 392, 39, 0.01%, 38, 14, 6, 71.85, 181363, 554
1186, 0, 200, 420, 391, 38, 0.01%, 38, 14, 6, 158.02, 182170, 554
1191, 0, 382, 420, 390, 37, 0.01%, 38, 14, 6, 182.67, 183212, 554
1196, 0, 382, 422, 392, 37, 0.01%, 38, 14, 6, 139.31, 183890, 554
1201, 0, 382, 422, 392, 37, 0.01%, 38, 14, 6, 132.87, 184566, 554
1207, 0, 382, 422, 392, 37, 0.01%, 38, 14, 6, 132.61, 185200, 554
1212, 0, 382, 424, 394, 37, 0.01%, 38, 14, 6, 148.63, 185932, 554
1217, 0, 382, 424, 394, 37, 0.01%, 38, 14, 6, 139.80, 186620, 554
1222, 0, 382, 424, 394, 37, 0.01%, 38, 14, 6, 147.08, 187386, 554
1227, 0, 382, 424, 394, 37, 0.01%, 38, 14, 6, 125.20, 188004, 554
1232, 0, 382, 424, 394, 37, 0.01%, 38, 14, 6, 153.74, 188758, 554
1237, 0, 382, 424, 394, 37, 0.01%, 38, 14, 6, 145.53, 189490, 554
1242, 0, 382, 424, 394, 37, 0.01%, 38, 14, 6, 145.11, 190224, 554
1247, 0, 382, 424, 394, 37, 0.01%, 38, 14, 6, 158.14, 190939, 554
1253, 0, 382, 424, 394, 37, 0.01%, 38, 14, 6, 146.18, 191646, 554
1258, 0, 382, 424, 394, 37, 0.01%, 38, 14, 6, 139.85, 192336, 554
1263, 0, 382, 424, 394, 37, 0.01%, 38, 14, 6, 149.34, 193070, 554
1268, 0, 382, 424, 394, 37, 0.01%, 38, 14, 6, 151.22, 193732, 554
1273, 0, 382, 424, 394, 37, 0.01%, 38, 14, 6, 139.60, 194404, 554
1278, 0, 382, 424, 394, 37, 0.01%, 38, 14, 6, 129.69, 195024, 554
1283, 0, 382, 428, 398, 37, 0.01%, 38, 14, 6, 137.30, 195698, 554
1288, 0, 382, 429, 399, 37, 0.01%, 39, 14, 6, 131.10, 196308, 554
1293, 0, 382, 429, 399, 37, 0.01%, 39, 14, 6, 132.76, 196982, 554
1298, 0, 382, 431, 401, 37, 0.01%, 39, 14, 6, 135.13, 197678, 554
1304, 0, 382, 431, 401, 37, 0.01%, 39, 14, 6, 135.51, 198402, 554
1309, 0, 382, 431, 401, 37, 0.01%, 39, 14, 6, 284.62, 199291, 554
1314, 0, 136, 431, 400, 35, 0.01%, 39, 14, 6, 301.72, 200758, 554
1319, 0, 370, 438, 406, 34, 0.01%, 39, 14, 6, 298.45, 202273, 554
1324, 0, 370, 438, 406, 34, 0.01%, 39, 14, 6, 246.93, 203562, 554
1329, 0, 370, 438, 406, 34, 0.01%, 39, 14, 6, 269.28, 204953, 554
1334, 0, 370, 442, 410, 34, 0.01%, 39, 14, 6, 250.48, 206225, 554
1339, 0, 370, 444, 412, 34, 0.01%, 39, 14, 6, 262.73, 207581, 555
1344, 0, 370, 445, 413, 34, 0.01%, 39, 14, 6, 256.11, 208869, 555
1350, 0, 370, 448, 416, 34, 0.01%, 39, 14, 6, 254.24, 210228, 556
1355, 0, 370, 448, 416, 34, 0.01%, 39, 14, 6, 277.02, 211638, 556
1360, 0, 370, 448, 416, 34, 0.01%, 39, 14, 6, 278.94, 213033, 556
1365, 0, 370, 450, 418, 34, 0.01%, 39, 14, 6, 286.53, 214509, 557
1370, 0, 370, 450, 418, 34, 0.01%, 39, 14, 6, 255.63, 215864, 557
1375, 0, 370, 453, 421, 34, 0.01%, 39, 14, 6, 247.02, 217116, 557
1381, 0, 370, 454, 422, 34, 0.01%, 39, 15, 6, 247.51, 218165, 557
1386, 0, 370, 455, 423, 34, 0.01%, 40, 15, 6, 305.25, 219460, 557
1391, 0, 370, 455, 423, 34, 0.01%, 40, 15, 6, 269.75, 220774, 557
1396, 0, 370, 456, 424, 34, 0.01%, 41, 15, 6, 267.94, 222167, 558
1401, 0, 370, 457, 425, 34, 0.01%, 41, 15, 6, 269.62, 223550, 558
1406, 0, 370, 457, 425, 34, 0.01%, 41, 15, 6, 283.86, 225015, 558
1411, 0, 370, 457, 425, 34, 0.01%, 41, 15, 6, 306.05, 226454, 558
1416, 0, 370, 457, 425, 34, 0.01%, 41, 15, 6, 253.20, 226807, 558
1421, 0, 370, 457, 425, 34, 0.01%, 41, 15, 6, 328.20, 228549, 558
1426, 0, 443, 459, 426, 37, 0.01%, 41, 15, 6, 292.25, 230000, 558
1432, 0, 443, 459, 426, 37, 0.01%, 41, 15, 6, 276.58, 231427, 558
1437, 0, 443, 460, 427, 37, 0.01%, 41, 15, 6, 260.91, 232780, 558
1442, 0, 443, 460, 427, 37, 0.01%, 41, 15, 6, 274.88, 234040, 558
1447, 0, 443, 462, 429, 37, 0.01%, 41, 15, 6, 273.28, 235451, 558
1452, 0, 443, 462, 429, 37, 0.01%, 41, 15, 6, 271.57, 236811, 558
1457, 0, 443, 463, 430, 37, 0.01%, 41, 15, 6, 272.19, 238139, 558
1462, 0, 443, 464, 431, 37, 0.01%, 41, 15, 6, 275.71, 239552, 558
1467, 0, 443, 464, 431, 37, 0.01%, 41, 15, 6, 260.34, 240807, 558
1472, 0, 443, 464, 431, 37, 0.01%, 41, 16, 6, 255.81, 241923, 558
1477, 0, 443, 464, 431, 37, 0.01%, 41, 16, 6, 262.92, 243233, 558
1483, 0, 443, 464, 431, 37, 0.01%, 41, 16, 6, 266.81, 244633, 558
1488, 0, 443, 464, 431, 37, 0.01%, 41, 16, 6, 270.14, 246028, 558
1493, 0, 443, 464, 431, 37, 0.01%, 41, 16, 6, 266.95, 247388, 558
1498, 0, 443, 464, 431, 37, 0.01%, 41, 16, 6, 246.53, 248563, 558
1503, 0, 443, 464, 431, 37, 0.01%, 41, 16, 6, 260.22, 249898, 558
1508, 0, 443, 464, 431, 37, 0.01%, 41, 17, 6, 239.86, 251008, 558
1513, 0, 443, 464, 431, 37, 0.01%, 41, 17, 6, 274.98, 252489, 558
1518, 0, 443, 464, 431, 37, 0.01%, 41, 17, 6, 298.31, 253957, 558
1524, 0, 443, 464, 431, 37, 0.01%, 41, 17, 6, 322.71, 255608, 558
1529, 0, 189, 464, 430, 36, 0.01%, 41, 17, 6, 253.61, 256831, 558
1534, 0, 449, 466, 431, 35, 0.01%, 41, 17, 6, 298.33, 258372, 559
1539, 0, 449, 466, 431, 35, 0.01%, 41, 17, 6, 272.98, 259653, 559
1544, 0, 449, 466, 431, 35, 0.01%, 41, 17, 6, 297.46, 260938, 559
1549, 0, 449, 470, 435, 35, 0.01%, 41, 17, 6, 273.64, 262308, 559
1554, 0, 449, 477, 442, 35, 0.01%, 42, 17, 6, 229.69, 263429, 559
1560, 0, 449, 479, 444, 35, 0.01%, 43, 17, 6, 33.17, 264353, 560
1565, 0, 449, 480, 445, 35, 0.01%, 43, 17, 6, 148.85, 265207, 560
1570, 0, 449, 481, 446, 35, 0.01%, 43, 17, 6, 188.40, 266199, 560
1575, 0, 464, 481, 445, 36, 0.01%, 43, 17, 6, 287.09, 267778, 560
1581, 0, 464, 482, 446, 36, 0.01%, 43, 17, 7, 271.64, 269156, 560
1586, 0, 464, 482, 446, 36, 0.01%, 43, 17, 7, 325.39, 270512, 560
1591, 0, 457, 483, 446, 35, 0.01%, 43, 17, 7, 294.50, 272054, 560
1596, 0, 457, 485, 448, 35, 0.01%, 43, 18, 7, 122.16, 273028, 560
1601, 0, 457, 486, 449, 35, 0.01%, 43, 18, 7, 251.47, 274440, 560
1606, 0, 457, 487, 450, 35, 0.01%, 43, 18, 7, 269.74, 275887, 560
1611, 0, 457, 487, 450, 35, 0.01%, 44, 18, 7, 265.67, 277217, 560
1616, 0, 457, 487, 450, 35, 0.01%, 45, 18, 7, 269.12, 278597, 560
1622, 0, 457, 487, 450, 35, 0.01%, 45, 18, 7, 284.69, 280107, 560
1627, 0, 457, 487, 450, 35, 0.01%, 45, 18, 7, 306.01, 281580, 560
1632, 0, 457, 487, 450, 35, 0.01%, 45, 18, 7, 289.37, 283027, 560
1637, 0, 457, 487, 450, 35, 0.01%, 45, 18, 7, 280.82, 284422, 560
1642, 0, 457, 487, 450, 35, 0.01%, 45, 18, 7, 276.98, 285877, 560
1648, 0, 457, 487, 450, 35, 0.01%, 45, 18, 7, 250.77, 287177, 560
1653, 0, 457, 488, 451, 35, 0.01%, 45, 18, 7, 257.75, 288535, 560
1658, 0, 457, 488, 451, 35, 0.01%, 45, 18, 7, 272.18, 289960, 560
1663, 0, 457, 488, 451, 35, 0.01%, 45, 18, 7, 225.89, 291156, 560
1668, 0, 457, 488, 451, 35, 0.01%, 45, 18, 7, 285.71, 292538, 560
1673, 0, 26, 491, 453, 34, 0.01%, 45, 18, 7, 328.01, 294341, 560
1678, 0, 442, 491, 452, 33, 0.01%, 45, 18, 7, 292.79, 295810, 560
1684, 0, 442, 491, 452, 33, 0.01%, 45, 19, 7, 34.42, 296993, 560
1689, 0, 442, 491, 452, 33, 0.01%, 45, 19, 7, 278.19, 298377, 560
1694, 0, 11, 491, 451, 32, 0.01%, 45, 19, 7, 304.01, 300014, 560
1699, 0, 448, 491, 450, 31, 0.01%, 45, 19, 7, 326.04, 301300, 560
1704, 0, 448, 491, 450, 31, 0.01%, 45, 19, 7, 302.77, 302767, 560
1709, 0, 448, 491, 450, 31, 0.01%, 45, 19, 7, 104.73, 303763, 560
1715, 0, 459, 491, 449, 30, 0.01%, 45, 19, 7, 270.60, 305380, 560
1720, 0, 459, 492, 450, 30, 0.01%, 45, 19, 7, 260.45, 306752, 560
1725, 0, 459, 492, 450, 30, 0.01%, 45, 19, 7, 255.48, 307955, 560
1730, 0, 459, 492, 450, 30, 0.01%, 45, 19, 7, 286.69, 309294, 560
1735, 0, 182, 492, 449, 29, 0.01%, 45, 19, 7, 314.06, 310900, 560
1740, 0, 340, 492, 448, 28, 0.01%, 45, 19, 7, 276.89, 312219, 560
1745, 0, 484, 492, 447, 27, 0.01%, 45, 19, 7, 307.81, 313896, 560
1751, 0, 484, 492, 447, 27, 0.01%, 45, 19, 7, 268.16, 314907, 560
1756, 0, 484, 492, 447, 27, 0.01%, 45, 19, 7, 299.14, 316452, 560
1761, 0, 152, 492, 446, 26, 0.01%, 45, 19, 7, 291.88, 318007, 560
1766, 0, 334, 492, 445, 26, 0.01%, 45, 19, 7, 249.70, 319127, 560
1771, 0, 334, 492, 445, 26, 0.01%, 45, 19, 7, 265.74, 320431, 560
1776, 0, 334, 492, 445, 26, 0.01%, 45, 19, 7, 296.11, 321899, 560
1781, 0, 436, 492, 444, 25, 0.01%, 45, 19, 7, 250.83, 323075, 560
1786, 0, 436, 492, 444, 25, 0.01%, 45, 19, 7, 302.18, 324601, 560
1791, 0, 436, 493, 445, 25, 0.01%, 45, 19, 7, 334.93, 326350, 560
1796, 0, 330, 493, 444, 24, 0.01%, 45, 19, 7, 283.16, 327706, 560
1802, 0, 330, 493, 444, 24, 0.01%, 45, 19, 7, 310.29, 329251, 560
1803, 0, 20, 493, 443, 23, 0.01%, 45, 19, 7, 320.39, 329792, 560
