# unix_time, cycles_done, cur_path, paths_total, pending_total, pending_favs, map_size, unique_crashes, unique_hangs, max_depth, execs_per_sec
1659082894, 0, 0, 1, 1, 1, 0.32%, 0, 0, 1, 1000.00
1659082899, 0, 0, 62, 62, 1, 0.59%, 0, 0, 2, 1309.28
1659082904, 0, 0, 67, 67, 1, 0.60%, 0, 0, 2, 1305.54
1659082909, 0, 0, 68, 68, 1, 0.60%, 0, 0, 2, 1286.19
1659082920, 0, 0, 69, 69, 1, 0.60%, 0, 0, 2, 1186.48
1659082925, 0, 0, 75, 75, 1, 0.61%, 0, 0, 2, 1397.01
1659082930, 0, 0, 82, 82, 1, 0.61%, 0, 0, 2, 1059.67
1659082935, 0, 0, 108, 108, 1, 0.69%, 0, 0, 2, 1257.53
1659082940, 0, 0, 120, 120, 1, 0.69%, 0, 0, 2, 1344.25
1659082946, 0, 0, 123, 123, 1, 0.69%, 0, 0, 2, 49.62
1659082951, 0, 0, 127, 127, 1, 0.69%, 0, 0, 2, 1303.11
1659082956, 0, 0, 131, 131, 1, 0.69%, 0, 0, 2, 1344.60
1659082961, 0, 0, 135, 135, 1, 0.69%, 0, 0, 2, 502.52
1659082966, 0, 5, 136, 135, 40, 0.69%, 0, 0, 3, 1106.97
1659082971, 0, 5, 139, 138, 40, 0.70%, 0, 0, 3, 1346.10
1659082992, 0, 5, 152, 151, 40, 0.70%, 2, 0, 3, 146.54
1659082997, 0, 5, 155, 154, 40, 0.70%, 3, 0, 3, 962.07
1659083002, 0, 5, 156, 155, 40, 0.70%, 6, 0, 3, 1279.18
1659083007, 0, 5, 166, 165, 40, 0.74%, 11, 0, 3, 1074.39
1659083013, 0, 5, 174, 173, 40, 0.75%, 18, 0, 3, 1086.63
1659083018, 0, 5, 181, 180, 40, 0.76%, 21, 0, 3, 1065.48
1659083023, 0, 5, 182, 181, 40, 0.76%, 21, 0, 3, 1155.48
1659083028, 0, 5, 185, 184, 40, 0.76%, 23, 0, 3, 1116.33
1659083033, 0, 5, 187, 186, 40, 0.76%, 26, 0, 3, 1186.87
1659083038, 0, 5, 189, 188, 40, 0.76%, 26, 0, 3, 930.00
1659083043, 0, 15, 189, 187, 43, 0.76%, 26, 0, 3, 1136.58
1659083080, 0, 23, 189, 186, 42, 0.76%, 26, 0, 3, 1175.00
1659083126, 0, 24, 189, 185, 41, 0.76%, 26, 0, 3, 1422.11
1659083131, 0, 24, 190, 186, 41, 0.76%, 26, 0, 3, 1316.75
1659083162, 0, 26, 190, 185, 40, 0.76%, 26, 0, 3, 1392.28
1659083167, 0, 26, 191, 186, 40, 0.76%, 26, 0, 3, 1516.40
1659083203, 0, 27, 191, 185, 39, 0.76%, 26, 0, 3, 189.51
1659083208, 0, 27, 192, 186, 39, 0.76%, 26, 0, 3, 1349.45
1659083238, 0, 30, 193, 186, 39, 0.76%, 26, 0, 3, 1266.53
1659083279, 0, 31, 193, 185, 38, 0.76%, 26, 0, 3, 1263.15
1659083285, 0, 31, 194, 186, 38, 0.76%, 26, 0, 3, 272.29
1659083320, 0, 32, 194, 185, 37, 0.76%, 26, 0, 3, 1403.21
1659083326, 0, 32, 195, 186, 37, 0.76%, 26, 0, 3, 182.29
1659083331, 0, 32, 196, 187, 37, 0.76%, 26, 0, 3, 1410.78
1659083366, 0, 38, 196, 186, 37, 0.76%, 26, 0, 3, 1252.65
1659083407, 0, 39, 196, 185, 36, 0.76%, 26, 0, 3, 1224.93
1659083412, 0, 39, 197, 186, 36, 0.76%, 26, 0, 3, 1158.14
1659083443, 0, 41, 197, 185, 35, 0.76%, 26, 0, 3, 1180.51
1659083448, 0, 41, 198, 186, 35, 0.76%, 26, 0, 3, 1033.71
1659083453, 0, 41, 199, 187, 35, 0.76%, 26, 0, 3, 1321.13
1659083483, 0, 42, 199, 186, 35, 0.76%, 26, 0, 3, 1380.57
1659083493, 0, 42, 200, 187, 35, 0.76%, 26, 0, 3, 1395.92
1659083525, 0, 47, 200, 186, 35, 0.76%, 26, 0, 3, 526.48
1659083535, 0, 47, 201, 187, 35, 0.76%, 26, 0, 3, 1152.76
1659083571, 0, 48, 201, 186, 34, 0.76%, 26, 0, 3, 1433.87
1659083611, 0, 49, 201, 185, 33, 0.76%, 26, 0, 3, 1651.79
1659083652, 0, 50, 201, 184, 32, 0.76%, 26, 0, 3, 1552.83
1659083689, 0, 58, 201, 183, 31, 0.76%, 26, 0, 3, 1463.90
1659083694, 0, 58, 203, 185, 31, 0.76%, 26, 0, 3, 1584.98
1659083699, 0, 58, 204, 186, 31, 0.76%, 26, 0, 3, 1327.11
1659083725, 0, 67, 204, 185, 31, 0.76%, 26, 0, 3, 1133.68
1659083745, 0, 69, 204, 184, 30, 0.76%, 26, 0, 3, 1416.62
1659083776, 0, 69, 207, 187, 30, 0.76%, 26, 0, 3, 1483.44
1659083781, 0, 69, 209, 189, 30, 0.76%, 26, 0, 3, 1506.35
1659083786, 0, 69, 210, 190, 30, 0.76%, 26, 0, 3, 1346.15
1659083796, 0, 76, 210, 189, 30, 0.76%, 26, 0, 3, 1178.68
1659083801, 0, 76, 211, 190, 30, 0.76%, 26, 0, 3, 1253.18
1659083821, 0, 77, 211, 189, 29, 0.76%, 26, 0, 3, 1262.92
1659083847, 0, 83, 211, 188, 27, 0.76%, 26, 0, 3, 1491.75
1659083883, 0, 93, 211, 187, 26, 0.76%, 26, 0, 3, 1247.77
1659083903, 0, 99, 211, 186, 25, 0.76%, 26, 0, 3, 1485.17
1659083908, 0, 102, 211, 185, 23, 0.76%, 26, 0, 3, 1615.57
1659083919, 0, 115, 211, 184, 22, 0.76%, 26, 0, 3, 1226.55
1659083924, 0, 115, 213, 186, 22, 0.76%, 26, 0, 3, 167.09
1659083929, 0, 115, 218, 191, 22, 0.76%, 26, 0, 3, 949.30
1659083935, 0, 124, 219, 191, 22, 0.76%, 27, 0, 3, 1067.37
1659083955, 0, 125, 219, 190, 21, 0.76%, 27, 0, 3, 1218.24
1659083960, 0, 125, 220, 191, 21, 0.76%, 27, 0, 3, 1201.85
1659083980, 0, 126, 220, 190, 20, 0.76%, 27, 0, 3, 1645.26
1659083985, 0, 133, 221, 190, 19, 0.76%, 27, 0, 3, 1648.04
1659084001, 0, 136, 222, 190, 18, 0.76%, 27, 0, 4, 1397.55
1659084067, 0, 136, 223, 191, 18, 0.76%, 27, 0, 4, 743.08
1659084072, 0, 138, 223, 190, 18, 0.76%, 27, 0, 4, 1260.98
1659084113, 0, 138, 225, 192, 18, 0.80%, 27, 0, 4, 1186.04
1659084118, 0, 138, 227, 194, 18, 0.80%, 27, 0, 4, 1114.78
1659084124, 0, 138, 228, 195, 18, 0.80%, 28, 0, 4, 1096.91
1659084129, 0, 138, 229, 196, 18, 0.80%, 28, 0, 4, 807.84
1659084134, 0, 144, 230, 196, 18, 0.80%, 28, 0, 4, 1073.94
1659084210, 0, 144, 233, 199, 18, 0.80%, 28, 0, 4, 716.18
1659084216, 0, 144, 235, 201, 18, 0.80%, 28, 0, 4, 730.50
1659084221, 0, 144, 239, 205, 18, 0.80%, 29, 0, 4, 820.93
1659084226, 0, 144, 241, 207, 18, 0.80%, 30, 0, 4, 829.22
1659084236, 0, 144, 241, 207, 18, 0.80%, 32, 0, 4, 904.34
1659084251, 0, 156, 241, 206, 18, 0.80%, 34, 0, 4, 936.55
1659084256, 0, 157, 241, 205, 17, 0.80%, 34, 0, 4, 1261.55
1659084272, 0, 159, 245, 208, 15, 0.80%, 34, 0, 4, 100.00
1659084277, 0, 159, 247, 210, 15, 0.80%, 34, 0, 4, 1214.18
1659084282, 0, 159, 249, 212, 15, 0.80%, 34, 0, 4, 1325.54
1659084287, 0, 159, 250, 213, 15, 0.80%, 34, 0, 4, 1515.95
1659084292, 0, 159, 254, 217, 15, 0.80%, 34, 0, 4, 1649.78
1659084298, 0, 159, 260, 223, 15, 0.80%, 34, 0, 4, 241.61
1659084303, 0, 159, 262, 225, 15, 0.80%, 34, 0, 4, 1157.48
1659084308, 0, 159, 263, 226, 15, 0.80%, 34, 0, 4, 1256.40
1659084318, 0, 159, 266, 229, 15, 0.80%, 34, 0, 4, 1095.14
1659084323, 0, 159, 266, 229, 15, 0.80%, 35, 0, 4, 1115.72
1659084328, 0, 160, 266, 228, 16, 0.80%, 35, 0, 4, 1139.10
1659084354, 0, 160, 269, 231, 16, 0.80%, 35, 0, 4, 1110.22
1659084359, 0, 188, 272, 233, 16, 0.80%, 35, 0, 4, 757.27
1659084364, 0, 188, 285, 246, 16, 0.82%, 35, 0, 4, 516.08
1659084369, 0, 188, 300, 261, 16, 0.84%, 35, 0, 4, 488.70
1659084374, 0, 188, 301, 262, 16, 0.84%, 35, 0, 4, 464.69
1659084384, 0, 188, 303, 264, 16, 0.84%, 35, 0, 4, 477.25
1659084390, 0, 188, 309, 270, 16, 0.84%, 35, 0, 4, 488.51
1659084435, 0, 188, 312, 273, 16, 0.84%, 35, 0, 4, 484.96
1659084441, 0, 188, 313, 274, 16, 0.84%, 35, 0, 4, 476.11
1659084451, 0, 188, 314, 275, 16, 0.84%, 35, 0, 4, 490.09
1659084456, 0, 188, 315, 276, 16, 0.84%, 35, 0, 4, 454.46
1659084461, 0, 188, 318, 279, 16, 0.84%, 35, 0, 4, 646.58
1659084466, 0, 188, 323, 284, 16, 0.84%, 36, 0, 4, 732.73
1659084471, 0, 188, 326, 287, 16, 0.84%, 37, 0, 4, 790.14
1659084476, 0, 188, 331, 292, 16, 0.84%, 37, 0, 4, 651.77
1659084481, 0, 188, 333, 294, 16, 0.84%, 37, 0, 4, 740.94
1659084487, 0, 188, 335, 296, 16, 0.85%, 37, 0, 4, 751.17
1659084492, 0, 191, 341, 301, 27, 0.85%, 37, 0, 4, 889.05
1659084497, 0, 191, 342, 302, 27, 0.85%, 37, 0, 4, 1311.98
1659084532, 0, 195, 342, 301, 26, 0.85%, 37, 0, 4, 1495.29
1659084573, 0, 198, 342, 300, 25, 0.85%, 37, 0, 4, 1312.53
1659084578, 0, 198, 343, 301, 25, 0.85%, 37, 0, 4, 1447.45
1659084583, 0, 198, 344, 302, 25, 0.85%, 37, 0, 4, 1157.42
1659084614, 0, 199, 344, 301, 25, 0.85%, 37, 0, 4, 1426.20
1659084619, 0, 199, 345, 302, 25, 0.85%, 37, 0, 4, 1254.11
1659084655, 0, 203, 346, 302, 24, 0.85%, 37, 0, 4, 1455.18
1659084697, 0, 207, 346, 301, 23, 0.85%, 37, 0, 4, 1200.41
