# relative_time, cycles_done, cur_item, corpus_count, pending_total, pending_favs, map_size, saved_crashes, saved_hangs, max_depth, execs_per_sec, total_execs, edges_found
61, 0, 0, 210, 210, 1, 0.01%, 0, 0, 2, 137.58, 8186, 489
66, 0, 0, 211, 211, 1, 0.01%, 0, 1, 2, 145.53, 8741, 489
71, 0, 0, 215, 215, 1, 0.01%, 0, 1, 2, 140.63, 9449, 489
76, 0, 0, 216, 216, 1, 0.01%, 0, 1, 2, 134.77, 10153, 489
81, 0, 0, 219, 219, 1, 0.01%, 0, 1, 2, 141.05, 10859, 489
87, 0, 0, 220, 220, 1, 0.01%, 0, 1, 2, 140.71, 11593, 489
92, 0, 0, 220, 220, 1, 0.01%, 0, 1, 2, 141.51, 12307, 489
97, 0, 0, 220, 220, 1, 0.01%, 0, 1, 2, 141.13, 12993, 489
102, 0, 0, 221, 221, 1, 0.01%, 0, 1, 2, 138.78, 13655, 492
107, 0, 0, 223, 223, 1, 0.01%, 0, 1, 2, 140.16, 14359, 492
112, 0, 0, 224, 224, 1, 0.01%, 0, 1, 2, 141.14, 15053, 492
117, 0, 0, 224, 224, 1, 0.01%, 1, 1, 2, 141.14, 15793, 492
122, 0, 0, 224, 224, 1, 0.01%, 1, 1, 2, 138.29, 16498, 492
127, 0, 0, 226, 226, 1, 0.01%, 1, 1, 2, 141.59, 17206, 492
132, 0, 0, 226, 226, 1, 0.01%, 1, 1, 2, 141.96, 17920, 492
137, 0, 0, 229, 229, 1, 0.01%, 1, 1, 2, 140.03, 18622, 492
142, 0, 0, 230, 230, 1, 0.01%, 1, 1, 2, 142.30, 19346, 492
147, 0, 0, 230, 230, 1, 0.01%, 1, 1, 2, 142.24, 20060, 492
152, 0, 0, 231, 231, 1, 0.01%, 1, 1, 2, 139.37, 20774, 492
158, 0, 0, 231, 231, 1, 0.01%, 1, 1, 2, 137.51, 21470, 492
163, 0, 0, 231, 231, 1, 0.01%, 1, 1, 2, 140.79, 22178, 492
168, 0, 0, 231, 231, 1, 0.01%, 1, 1, 2, 139.67, 22894, 492
173, 0, 0, 231, 231, 1, 0.01%, 1, 1, 2, 144.79, 23642, 492
178, 0, 0, 232, 232, 1, 0.01%, 1, 1, 2, 74.59, 24328, 492
183, 0, 0, 232, 232, 1, 0.01%, 1, 1, 2, 127.95, 25058, 492
188, 0, 0, 232, 232, 1, 0.01%, 1, 1, 2, 138.05, 25783, 492
193, 0, 0, 233, 233, 1, 0.01%, 1, 1, 2, 139.53, 26493, 492
198, 0, 0, 234, 234, 1, 0.01%, 1, 1, 2, 137.76, 27179, 492
203, 0, 0, 236, 236, 1, 0.01%, 1, 1, 2, 136.35, 27865, 492
208, 0, 0, 236, 236, 1, 0.01%, 1, 1, 2, 139.63, 28573, 492
214, 0, 0, 237, 237, 1, 0.01%, 1, 1, 2, 138.92, 29301, 492
219, 0, 0, 237, 237, 1, 0.01%, 1, 1, 2, 143.66, 30045, 492
224, 0, 0, 238, 238, 1, 0.01%, 1, 1, 2, 140.33, 30751, 492
229, 0, 0, 239, 239, 1, 0.01%, 1, 1, 2, 140.65, 31481, 492
234, 0, 0, 239, 239, 1, 0.01%, 1, 1, 2, 144.03, 32227, 492
239, 0, 0, 239, 239, 1, 0.01%, 1, 1, 2, 140.44, 32949, 492
244, 0, 0, 239, 239, 1, 0.01%, 1, 1, 2, 129.23, 33579, 492
250, 0, 0, 239, 239, 1, 0.01%, 1, 1, 2, 140.95, 34327, 492
255, 0, 0, 239, 239, 1, 0.01%, 1, 1, 2, 141.27, 35063, 492
260, 0, 0, 240, 240, 1, 0.01%, 1, 1, 2, 139.48, 35757, 492
265, 0, 0, 240, 240, 1, 0.01%, 1, 1, 2, 139.58, 36454, 492
270, 0, 0, 245, 245, 1, 0.01%, 1, 1, 2, 130.67, 37150, 492
275, 0, 151, 250, 249, 10, 0.01%, 3, 1, 3, 145.29, 37878, 492
280, 0, 151, 253, 252, 10, 0.01%, 3, 1, 3, 132.00, 38512, 492
285, 0, 151, 254, 253, 10, 0.01%, 3, 1, 3, 150.52, 39321, 492
291, 0, 151, 255, 254, 10, 0.01%, 3, 1, 3, 72.53, 39911, 492
296, 0, 151, 260, 259, 10, 0.01%, 3, 1, 3, 110.26, 40523, 494
301, 0, 151, 261, 260, 10, 0.01%, 3, 1, 3, 114.91, 41087, 494
306, 0, 151, 262, 261, 10, 0.01%, 3, 1, 3, 199.20, 41695, 494
311, 0, 151, 266, 265, 10, 0.01%, 3, 1, 3, 141.63, 42257, 495
316, 0, 151, 266, 265, 10, 0.01%, 3, 1, 3, 156.73, 42970, 495
321, 0, 151, 267, 266, 10, 0.01%, 3, 1, 3, 148.41, 43704, 495
327, 0, 151, 269, 268, 10, 0.01%, 3, 1, 3, 144.98, 44441, 495
332, 0, 151, 272, 271, 10, 0.01%, 3, 1, 3, 147.54, 45169, 495
337, 0, 151, 275, 274, 10, 0.01%, 3, 1, 3, 137.84, 45791, 495
342, 0, 151, 275, 274, 10, 0.01%, 3, 1, 3, 181.44, 46597, 495
347, 0, 151, 277, 276, 10, 0.01%, 3, 1, 3, 165.93, 47369, 495
352, 0, 151, 278, 277, 10, 0.01%, 3, 1, 3, 140.43, 48067, 495
357, 0, 151, 278, 277, 10, 0.01%, 3, 1, 3, 151.03, 48813, 495
363, 0, 151, 280, 279, 10, 0.01%, 3, 1, 3, 126.77, 49399, 495
368, 0, 151, 281, 280, 10, 0.01%, 3, 1, 3, 135.97, 50139, 495
373, 0, 151, 282, 281, 10, 0.01%, 3, 1, 3, 124.30, 50751, 495
378, 0, 151, 283, 282, 10, 0.01%, 3, 1, 3, 136.32, 51507, 495
383, 0, 151, 284, 283, 10, 0.01%, 3, 1, 3, 157.04, 52315, 495
388, 0, 151, 286, 285, 10, 0.01%, 3, 1, 3, 143.42, 53017, 495
393, 0, 151, 286, 285, 10, 0.01%, 3, 1, 3, 149.88, 53789, 495
399, 0, 151, 287, 286, 10, 0.01%, 3, 1, 3, 156.43, 54568, 495
404, 0, 151, 287, 286, 10, 0.01%, 3, 1, 3, 138.22, 55257, 495
409, 0, 151, 287, 286, 10, 0.01%, 3, 1, 3, 139.41, 55933, 495
414, 0, 151, 288, 287, 10, 0.01%, 3, 1, 3, 120.29, 56521, 495
419, 0, 151, 290, 289, 10, 0.01%, 3, 1, 3, 154.00, 57208, 495
424, 0, 151, 291, 290, 10, 0.01%, 3, 1, 3, 147.76, 57861, 495
429, 0, 151, 291, 290, 10, 0.01%, 3, 1, 3, 146.69, 58553, 495
434, 0, 151, 294, 293, 10, 0.01%, 3, 1, 3, 137.97, 59219, 495
439, 0, 151, 295, 294, 10, 0.01%, 3, 1, 3, 122.03, 59843, 495
444, 0, 151, 296, 295, 10, 0.01%, 3, 1, 3, 153.06, 60652, 495
449, 0, 151, 298, 297, 10, 0.01%, 3, 1, 3, 148.12, 61400, 495
455, 0, 249, 298, 296, 11, 0.01%, 3, 1, 3, 135.29, 62078, 495
460, 0, 296, 301, 298, 10, 0.01%, 3, 1, 4, 169.66, 62850, 495
465, 0, 296, 309, 306, 10, 0.01%, 3, 1, 4, 17.92, 63158, 495
471, 0, 296, 312, 309, 10, 0.01%, 3, 2, 4, 8.74, 63489, 495
476, 0, 296, 314, 311, 10, 0.01%, 3, 2, 4, 65.49, 63789, 495
481, 0, 296, 314, 311, 10, 0.01%, 3, 2, 4, 63.03, 64096, 495
486, 0, 296, 314, 311, 10, 0.01%, 3, 2, 4, 63.33, 64439, 495
491, 0, 296, 315, 312, 10, 0.01%, 3, 2, 4, 65.63, 64772, 495
496, 0, 296, 317, 314, 10, 0.01%, 3, 2, 4, 80.00, 65123, 495
501, 0, 296, 319, 316, 10, 0.01%, 3, 2, 4, 71.21, 65472, 495
506, 0, 296, 320, 317, 10, 0.01%, 3, 2, 4, 88.22, 65887, 495
511, 0, 296, 322, 319, 10, 0.01%, 3, 2, 4, 74.42, 66253, 495
517, 0, 296, 322, 319, 10, 0.01%, 3, 2, 4, 65.33, 66581, 495
522, 0, 296, 323, 320, 10, 0.01%, 3, 2, 4, 63.19, 66872, 495
527, 0, 296, 323, 320, 10, 0.01%, 3, 2, 4, 65.38, 67187, 495
532, 0, 296, 323, 320, 10, 0.01%, 3, 2, 4, 69.26, 67543, 495
537, 0, 296, 323, 320, 10, 0.01%, 3, 3, 4, 60.98, 67771, 495
542, 0, 296, 323, 320, 10, 0.01%, 3, 3, 4, 58.80, 68070, 495
547, 0, 296, 323, 320, 10, 0.01%, 3, 3, 4, 60.09, 68370, 495
552, 0, 296, 323, 320, 10, 0.01%, 3, 3, 4, 65.23, 68709, 495
557, 0, 296, 323, 320, 10, 0.01%, 3, 3, 4, 63.32, 69024, 495
562, 0, 296, 324, 321, 10, 0.01%, 3, 3, 4, 56.77, 69301, 495
568, 0, 296, 324, 321, 10, 0.01%, 3, 3, 4, 64.03, 69621, 495
573, 0, 296, 325, 322, 10, 0.01%, 3, 3, 4, 67.75, 69974, 495
578, 0, 296, 328, 325, 10, 0.01%, 3, 3, 4, 63.84, 70287, 495
583, 0, 296, 328, 325, 10, 0.01%, 3, 3, 4, 65.77, 70605, 495
588, 0, 296, 328, 325, 10, 0.01%, 3, 3, 4, 60.36, 70920, 495
593, 0, 296, 329, 326, 10, 0.01%, 3, 3, 4, 63.57, 71255, 495
598, 0, 296, 329, 326, 10, 0.01%, 3, 3, 4, 67.51, 71619, 495
604, 0, 296, 330, 327, 10, 0.01%, 3, 3, 4, 60.94, 71923, 495
609, 0, 296, 330, 327, 10, 0.01%, 3, 3, 4, 70.70, 72279, 495
614, 0, 296, 330, 327, 10, 0.01%, 3, 3, 4, 72.16, 72645, 495
619, 0, 296, 330, 327, 10, 0.01%, 3, 3, 4, 72.77, 73008, 495
624, 0, 296, 330, 327, 10, 0.01%, 3, 3, 4, 69.55, 73369, 495
629, 0, 296, 330, 327, 10, 0.01%, 3, 3, 4, 77.92, 73743, 495
634, 0, 296, 330, 327, 10, 0.01%, 3, 3, 4, 67.65, 74068, 495
639, 0, 296, 331, 328, 10, 0.01%, 3, 3, 4, 64.41, 74378, 495
644, 0, 296, 331, 328, 10, 0.01%, 3, 3, 4, 64.07, 74694, 495
649, 0, 296, 331, 328, 10, 0.01%, 3, 3, 4, 64.72, 75020, 495
655, 0, 296, 332, 329, 10, 0.01%, 3, 3, 4, 63.79, 75337, 495
660, 0, 296, 332, 329, 10, 0.01%, 3, 3, 4, 65.75, 75652, 495
665, 0, 296, 332, 329, 10, 0.01%, 3, 3, 4, 69.91, 76002, 495
670, 0, 296, 332, 329, 10, 0.01%, 3, 3, 4, 65.07, 76311, 495
675, 0, 296, 332, 329, 10, 0.01%, 3, 3, 4, 69.24, 76657, 495
680, 0, 296, 332, 329, 10, 0.01%, 3, 3, 4, 57.57, 76933, 495
685, 0, 296, 332, 329, 10, 0.01%, 3, 3, 4, 59.19, 77225, 495
690, 0, 296, 332, 329, 10, 0.01%, 3, 3, 4, 60.04, 77537, 495
696, 0, 296, 332, 329, 10, 0.01%, 3, 3, 4, 63.29, 77843, 495
701, 0, 296, 333, 330, 10, 0.01%, 3, 3, 4, 66.75, 78188, 495
706, 0, 296, 333, 330, 10, 0.01%, 3, 3, 4, 58.62, 78487, 495
711, 0, 296, 333, 330, 10, 0.01%, 3, 3, 4, 55.40, 78765, 495
716, 0, 296, 334, 331, 10, 0.01%, 3, 3, 4, 58.20, 79080, 495
721, 0, 296, 335, 332, 10, 0.01%, 3, 3, 4, 47.84, 79315, 495
726, 0, 296, 335, 332, 10, 0.01%, 3, 3, 4, 72.10, 79692, 495
731, 0, 296, 335, 332, 10, 0.01%, 3, 3, 4, 59.43, 79983, 495
737, 0, 296, 335, 332, 10, 0.01%, 3, 3, 4, 65.93, 80336, 495
742, 0, 296, 335, 332, 10, 0.01%, 3, 3, 4, 63.81, 80652, 495
747, 0, 296, 335, 332, 10, 0.01%, 3, 3, 4, 57.98, 80943, 495
752, 0, 296, 335, 332, 10, 0.01%, 3, 3, 4, 66.51, 81292, 495
757, 0, 296, 335, 332, 10, 0.01%, 3, 3, 4, 60.00, 81587, 495
762, 0, 296, 335, 332, 10, 0.01%, 3, 3, 4, 65.64, 81926, 495
767, 0, 296, 335, 332, 10, 0.01%, 3, 3, 4, 63.46, 82241, 495
772, 0, 296, 335, 332, 10, 0.01%, 3, 3, 4, 61.76, 82549, 495
778, 0, 296, 335, 332, 10, 0.01%, 3, 3, 4, 70.08, 82906, 495
783, 0, 296, 335, 332, 10, 0.01%, 3, 3, 4, 60.52, 83163, 495
788, 0, 296, 335, 332, 10, 0.01%, 3, 3, 4, 57.39, 83431, 495
793, 0, 296, 335, 332, 10, 0.01%, 3, 3, 4, 65.87, 83767, 495
798, 0, 296, 335, 332, 10, 0.01%, 3, 3, 4, 74.59, 84141, 495
803, 0, 296, 335, 332, 10, 0.01%, 3, 3, 4, 72.95, 84493, 495
808, 0, 296, 336, 333, 10, 0.01%, 3, 3, 4, 65.40, 84820, 497
813, 0, 296, 336, 333, 10, 0.01%, 3, 3, 4, 68.60, 85169, 497
818, 0, 296, 336, 333, 10, 0.01%, 3, 3, 4, 63.34, 85480, 497
824, 0, 296, 336, 333, 10, 0.01%, 3, 3, 4, 66.71, 85805, 497
829, 0, 296, 336, 333, 10, 0.01%, 3, 3, 4, 61.64, 86123, 497
834, 0, 296, 336, 333, 10, 0.01%, 3, 3, 4, 65.89, 86493, 497
839, 0, 296, 336, 333, 10, 0.01%, 3, 3, 4, 57.47, 86769, 497
844, 0, 296, 336, 333, 10, 0.01%, 3, 3, 4, 67.25, 87112, 497
849, 0, 296, 336, 333, 10, 0.01%, 3, 3, 4, 74.13, 87512, 497
854, 0, 296, 337, 334, 10, 0.01%, 3, 3, 4, 14.29, 87815, 497
859, 0, 296, 338, 335, 10, 0.01%, 3, 3, 4, 234.02, 88226, 497
865, 0, 272, 338, 334, 10, 0.01%, 3, 3, 4, 64.45, 88814, 497
870, 0, 272, 338, 334, 10, 0.01%, 3, 3, 4, 20.46, 89361, 497
875, 0, 103, 338, 333, 9, 0.01%, 3, 3, 4, 133.28, 89685, 497
880, 0, 103, 338, 333, 9, 0.01%, 3, 3, 4, 122.81, 90295, 497
885, 0, 103, 338, 333, 9, 0.01%, 3, 3, 4, 137.56, 91017, 497
890, 0, 103, 338, 333, 9, 0.01%, 3, 3, 4, 137.19, 91708, 497
896, 0, 103, 341, 336, 9, 0.01%, 3, 3, 4, 119.97, 92256, 497
901, 0, 335, 344, 338, 8, 0.01%, 3, 3, 5, 28.60, 92640, 498
906, 0, 335, 344, 338, 8, 0.01%, 3, 3, 5, 41.07, 92889, 498
911, 0, 335, 344, 338, 8, 0.01%, 3, 3, 5, 42.19, 93098, 498
916, 0, 335, 345, 339, 8, 0.01%, 3, 3, 5, 49.95, 93369, 499
921, 0, 335, 346, 340, 8, 0.01%, 3, 3, 5, 50.04, 93651, 499
926, 0, 335, 346, 340, 8, 0.01%, 3, 3, 5, 52.27, 93900, 499
931, 0, 335, 346, 340, 8, 0.01%, 3, 3, 5, 44.18, 94122, 499
936, 0, 335, 346, 340, 8, 0.01%, 3, 3, 5, 47.78, 94374, 499
942, 0, 335, 346, 340, 8, 0.01%, 3, 3, 5, 54.00, 94659, 499
947, 0, 335, 346, 340, 8, 0.01%, 3, 3, 5, 50.33, 94903, 499
952, 0, 335, 346, 340, 8, 0.01%, 3, 3, 5, 46.18, 95127, 499
957, 0, 335, 346, 340, 8, 0.01%, 3, 3, 5, 48.57, 95392, 499
962, 0, 335, 346, 340, 8, 0.01%, 3, 3, 5, 42.56, 95599, 499
967, 0, 335, 346, 340, 8, 0.01%, 3, 3, 5, 51.89, 95872, 499
972, 0, 335, 346, 340, 8, 0.01%, 3, 3, 5, 45.41, 96103, 499
977, 0, 335, 346, 340, 8, 0.01%, 3, 3, 5, 45.82, 96337, 499
982, 0, 335, 346, 340, 8, 0.01%, 3, 3, 5, 51.60, 96609, 499
988, 0, 335, 346, 340, 8, 0.01%, 3, 3, 5, 48.82, 96843, 499
993, 0, 335, 346, 340, 8, 0.01%, 3, 3, 5, 41.68, 97062, 499
998, 0, 335, 346, 340, 8, 0.01%, 3, 3, 5, 44.62, 97293, 499
1003, 0, 335, 346, 340, 8, 0.01%, 3, 3, 5, 42.18, 97506, 499
1008, 0, 335, 346, 340, 8, 0.01%, 3, 3, 5, 41.79, 97733, 499
1013, 0, 335, 346, 340, 8, 0.01%, 3, 3, 5, 37.73, 97930, 499
1018, 0, 335, 346, 340, 8, 0.01%, 3, 3, 5, 46.31, 98169, 499
1023, 0, 335, 346, 340, 8, 0.01%, 3, 3, 5, 46.91, 98402, 499
1029, 0, 335, 346, 340, 8, 0.01%, 3, 3, 5, 43.56, 98625, 499
1034, 0, 335, 346, 340, 8, 0.01%, 3, 3, 5, 308.53, 98997, 499
1039, 0, 335, 346, 340, 8, 0.01%, 3, 3, 5, 18.32, 99331, 499
1044, 0, 335, 346, 340, 8, 0.01%, 3, 3, 5, 184.10, 99561, 499
1049, 0, 335, 346, 340, 8, 0.01%, 3, 3, 5, 14.58, 99925, 499
1054, 0, 335, 346, 340, 8, 0.01%, 3, 3, 5, 20.33, 100109, 499
1059, 0, 292, 346, 339, 9, 0.01%, 3, 3, 5, 95.52, 100434, 499
1064, 0, 292, 357, 350, 9, 0.01%, 3, 3, 5, 175.49, 101289, 499
1070, 0, 292, 358, 351, 9, 0.01%, 3, 3, 5, 221.63, 102500, 499
1075, 0, 292, 358, 351, 9, 0.01%, 3, 3, 5, 228.98, 103688, 499
1080, 0, 292, 369, 362, 9, 0.01%, 3, 3, 5, 241.33, 104884, 499
1085, 0, 292, 371, 364, 9, 0.01%, 3, 3, 5, 271.52, 106288, 499
1090, 0, 292, 371, 364, 9, 0.01%, 3, 3, 5, 32.75, 107157, 499
1095, 0, 175, 371, 363, 11, 0.01%, 3, 3, 5, 236.33, 107528, 499
1100, 0, 256, 371, 362, 10, 0.01%, 3, 3, 5, 14.46, 108083, 499
1105, 0, 256, 371, 362, 10, 0.01%, 3, 3, 5, 118.81, 108240, 499
1110, 0, 297, 371, 361, 9, 0.01%, 3, 3, 5, 95.39, 108684, 499
1115, 0, 297, 371, 361, 9, 0.01%, 3, 3, 5, 14.40, 109390, 499
1120, 0, 326, 372, 361, 8, 0.01%, 3, 3, 5, 57.11, 109710, 499
1126, 0, 326, 374, 363, 8, 0.01%, 3, 3, 5, 68.46, 110106, 499
1131, 0, 326, 374, 363, 8, 0.01%, 3, 3, 5, 70.11, 110449, 499
1136, 0, 326, 375, 364, 8, 0.01%, 3, 3, 5, 72.21, 110824, 499
1141, 0, 326, 376, 365, 8, 0.01%, 3, 3, 5, 78.23, 111218, 499
1146, 0, 326, 376, 365, 8, 0.01%, 3, 3, 5, 67.88, 111538, 499
1151, 0, 326, 376, 365, 8, 0.01%, 3, 3, 5, 79.38, 111924, 499
1156, 0, 326, 376, 365, 8, 0.01%, 3, 3, 5, 71.16, 112238, 499
1161, 0, 326, 376, 365, 8, 0.01%, 3, 3, 5, 64.00, 112567, 499
1166, 0, 326, 377, 366, 8, 0.01%, 3, 3, 5, 67.00, 112916, 499
1171, 0, 326, 377, 366, 8, 0.01%, 3, 3, 5, 69.56, 113283, 499
1176, 0, 326, 377, 366, 8, 0.01%, 3, 3, 5, 63.87, 113584, 499
1181, 0, 326, 377, 366, 8, 0.01%, 3, 3, 5, 73.92, 113971, 499
1187, 0, 326, 377, 366, 8, 0.01%, 3, 3, 5, 71.95, 114334, 499
1192, 0, 326, 377, 366, 8, 0.01%, 3, 3, 5, 76.71, 114720, 499
1197, 0, 326, 377, 366, 8, 0.01%, 3, 3, 5, 83.43, 115165, 499
1202, 0, 326, 377, 366, 8, 0.01%, 3, 3, 5, 72.75, 115505, 499
1207, 0, 326, 377, 366, 8, 0.01%, 3, 3, 5, 26.89, 115857, 499
1212, 0, 326, 377, 366, 8, 0.01%, 3, 3, 5, 62.25, 116205, 499
1217, 0, 326, 377, 366, 8, 0.01%, 3, 3, 5, 69.08, 116572, 499
1222, 0, 326, 377, 366, 8, 0.01%, 3, 3, 5, 62.03, 116901, 499
1228, 0, 326, 377, 366, 8, 0.01%, 3, 3, 5, 71.84, 117268, 499
1233, 0, 326, 377, 366, 8, 0.01%, 3, 3, 5, 75.51, 117655, 499
1238, 0, 326, 377, 366, 8, 0.01%, 3, 3, 5, 76.54, 118036, 499
1243, 0, 326, 377, 366, 8, 0.01%, 3, 3, 5, 71.53, 118423, 499
1248, 0, 326, 377, 366, 8, 0.01%, 3, 3, 5, 71.38, 118785, 499
1253, 0, 326, 377, 366, 8, 0.01%, 3, 3, 5, 63.31, 119098, 499
1258, 0, 326, 377, 366, 8, 0.01%, 3, 3, 5, 64.23, 119420, 499
1263, 0, 326, 377, 366, 8, 0.01%, 3, 3, 5, 67.59, 119771, 499
1269, 0, 326, 377, 366, 8, 0.01%, 3, 3, 5, 65.40, 120116, 499
1274, 0, 326, 377, 366, 8, 0.01%, 3, 3, 5, 65.91, 120445, 499
1279, 0, 326, 377, 366, 8, 0.01%, 3, 3, 5, 88.44, 120841, 499
1284, 0, 326, 377, 366, 8, 0.01%, 3, 3, 5, 80.05, 121213, 499
1289, 0, 326, 377, 366, 8, 0.01%, 3, 3, 5, 69.47, 121558, 499
1294, 0, 326, 377, 366, 8, 0.01%, 3, 3, 5, 76.15, 121938, 499
1299, 0, 326, 377, 366, 8, 0.01%, 3, 3, 5, 66.69, 122268, 499
1305, 0, 326, 377, 366, 8, 0.01%, 3, 3, 5, 67.53, 122622, 499
1310, 0, 326, 377, 366, 8, 0.01%, 3, 3, 5, 62.65, 122993, 499
1315, 0, 326, 377, 366, 8, 0.01%, 3, 3, 5, 66.10, 123344, 499
1320, 0, 326, 377, 366, 8, 0.01%, 3, 3, 5, 70.22, 123695, 499
1325, 0, 326, 377, 366, 8, 0.01%, 3, 3, 5, 137.81, 124107, 499
1331, 0, 326, 377, 366, 8, 0.01%, 3, 3, 5, 83.92, 124450, 499
1336, 0, 326, 377, 366, 8, 0.01%, 3, 3, 5, 72.42, 124797, 499
1341, 0, 326, 377, 366, 8, 0.01%, 3, 3, 5, 80.71, 125204, 499
1346, 0, 326, 377, 366, 8, 0.01%, 3, 3, 5, 69.70, 125540, 499
1351, 0, 326, 377, 366, 8, 0.01%, 3, 3, 5, 78.24, 125948, 499
1356, 0, 326, 377, 366, 8, 0.01%, 3, 3, 5, 75.93, 126331, 499
1361, 0, 326, 377, 366, 8, 0.01%, 3, 3, 5, 69.22, 126678, 499
1366, 0, 326, 377, 366, 8, 0.01%, 3, 3, 5, 67.56, 127017, 499
1372, 0, 326, 377, 366, 8, 0.01%, 3, 3, 5, 70.98, 127355, 499
1377, 0, 326, 377, 366, 8, 0.01%, 3, 3, 5, 66.57, 127711, 499
1382, 0, 326, 377, 366, 8, 0.01%, 3, 3, 5, 69.71, 128049, 499
1387, 0, 326, 377, 366, 8, 0.01%, 3, 3, 5, 66.40, 128379, 499
1392, 0, 326, 377, 366, 8, 0.01%, 3, 3, 5, 76.79, 128779, 499
1397, 0, 326, 377, 366, 8, 0.01%, 3, 3, 5, 69.41, 129109, 499
1402, 0, 326, 377, 366, 8, 0.01%, 3, 3, 5, 65.42, 129458, 499
1408, 0, 326, 377, 366, 8, 0.01%, 3, 3, 5, 68.67, 129799, 499
1413, 0, 326, 377, 366, 8, 0.01%, 3, 3, 5, 66.35, 130120, 499
1418, 0, 326, 377, 366, 8, 0.01%, 3, 3, 5, 76.34, 130529, 499
1423, 0, 326, 377, 366, 8, 0.01%, 3, 3, 5, 72.22, 130901, 499
1428, 0, 326, 377, 366, 8, 0.01%, 3, 3, 5, 66.33, 131218, 499
1433, 0, 326, 377, 366, 8, 0.01%, 3, 3, 5, 70.56, 131561, 499
1438, 0, 326, 377, 366, 8, 0.01%, 3, 3, 5, 72.89, 131936, 499
1444, 0, 326, 377, 366, 8, 0.01%, 3, 3, 5, 69.18, 132292, 499
1449, 0, 326, 377, 366, 8, 0.01%, 3, 3, 5, 70.82, 132653, 499
1454, 0, 326, 377, 366, 8, 0.01%, 3, 3, 5, 77.82, 133046, 499
1459, 0, 326, 378, 367, 8, 0.01%, 3, 3, 5, 72.10, 133405, 499
1464, 0, 326, 378, 367, 8, 0.01%, 3, 3, 5, 75.08, 133799, 499
1469, 0, 326, 378, 367, 8, 0.01%, 3, 3, 5, 76.23, 134204, 499
1475, 0, 326, 378, 367, 8, 0.01%, 3, 3, 5, 72.95, 134580, 499
1480, 0, 326, 378, 367, 8, 0.01%, 3, 3, 5, 72.89, 134918, 499
1485, 0, 326, 378, 367, 8, 0.01%, 3, 3, 5, 74.02, 135280, 499
1490, 0, 326, 378, 367, 8, 0.01%, 3, 3, 5, 71.41, 135659, 499
1495, 0, 326, 378, 367, 8, 0.01%, 3, 3, 5, 72.74, 136052, 499
1500, 0, 326, 378, 367, 8, 0.01%, 3, 3, 5, 43.05, 136426, 499
1505, 0, 326, 378, 367, 8, 0.01%, 3, 3, 5, 57.30, 136737, 499
1510, 0, 326, 378, 367, 8, 0.01%, 3, 3, 5, 62.43, 137054, 499
1515, 0, 326, 378, 367, 8, 0.01%, 3, 3, 5, 62.77, 137377, 499
1520, 0, 326, 378, 367, 8, 0.01%, 3, 3, 5, 70.27, 137746, 499
1526, 0, 326, 378, 367, 8, 0.01%, 3, 3, 5, 69.39, 138106, 499
1531, 0, 326, 378, 367, 8, 0.01%, 3, 3, 5, 64.46, 138425, 499
1536, 0, 326, 378, 367, 8, 0.01%, 3, 3, 5, 67.57, 138780, 499
1541, 0, 326, 378, 367, 8, 0.01%, 3, 3, 5, 62.38, 139087, 499
1546, 0, 326, 378, 367, 8, 0.01%, 3, 3, 5, 70.09, 139472, 499
1551, 0, 326, 378, 367, 8, 0.01%, 3, 3, 5, 60.99, 139777, 499
1556, 0, 326, 378, 367, 8, 0.01%, 3, 3, 5, 60.79, 140084, 499
1561, 0, 326, 378, 367, 8, 0.01%, 3, 3, 5, 69.85, 140454, 499
1566, 0, 326, 379, 368, 8, 0.01%, 3, 3, 5, 65.26, 140805, 499
1571, 0, 326, 380, 369, 8, 0.01%, 3, 3, 5, 72.88, 141187, 499
1577, 0, 326, 380, 369, 8, 0.01%, 3, 3, 5, 64.38, 141507, 499
1582, 0, 326, 380, 369, 8, 0.01%, 3, 3, 5, 78.22, 141920, 499
1587, 0, 326, 380, 369, 8, 0.01%, 3, 3, 5, 64.11, 142220, 499
1592, 0, 326, 381, 370, 8, 0.01%, 3, 3, 5, 145.45, 142831, 499
1597, 0, 326, 381, 370, 8, 0.01%, 3, 3, 5, 100.86, 143161, 499
1602, 0, 368, 381, 369, 7, 0.01%, 3, 3, 5, 224.03, 144253, 499
1607, 0, 368, 382, 370, 7, 0.01%, 3, 3, 5, 276.95, 145794, 499
1612, 0, 368, 382, 370, 7, 0.01%, 3, 3, 5, 37.55, 146758, 499
1617, 0, 368, 382, 370, 7, 0.01%, 3, 3, 5, 199.37, 147736, 499
1623, 0, 343, 382, 369, 6, 0.01%, 3, 3, 5, 28.15, 148165, 499
1628, 0, 343, 382, 369, 6, 0.01%, 3, 3, 5, 38.73, 148386, 499
1633, 0, 343, 382, 369, 6, 0.01%, 3, 3, 5, 41.85, 148603, 499
1638, 0, 343, 382, 369, 6, 0.01%, 3, 3, 5, 44.10, 148835, 499
1643, 0, 343, 382, 369, 6, 0.01%, 3, 3, 5, 14.21, 149137, 499
1648, 0, 343, 382, 369, 6, 0.01%, 3, 3, 5, 14.88, 149302, 499
1654, 0, 343, 382, 369, 6, 0.01%, 3, 3, 5, 14.51, 149377, 499
1659, 0, 343, 382, 369, 6, 0.01%, 3, 3, 5, 14.49, 149605, 499
1664, 0, 343, 382, 369, 6, 0.01%, 3, 3, 5, 144.58, 149881, 499
1669, 0, 381, 382, 368, 5, 0.01%, 3, 3, 5, 279.79, 150843, 499
1674, 0, 381, 382, 368, 5, 0.01%, 3, 3, 5, 282.43, 152339, 499
1679, 0, 381, 382, 368, 5, 0.01%, 3, 3, 5, 183.09, 153402, 499
1684, 0, 381, 382, 368, 5, 0.01%, 3, 3, 5, 37.82, 153759, 499
1690, 0, 175, 382, 367, 4, 0.01%, 3, 3, 5, 42.56, 154620, 499
1695, 0, 377, 382, 367, 4, 0.01%, 3, 3, 5, 59.33, 154930, 499
1700, 0, 377, 382, 367, 4, 0.01%, 3, 3, 5, 66.39, 155282, 499
1705, 0, 377, 382, 367, 4, 0.01%, 3, 3, 5, 66.18, 155619, 499
1710, 0, 377, 382, 367, 4, 0.01%, 3, 3, 5, 14.57, 155894, 499
1716, 0, 377, 382, 367, 4, 0.01%, 3, 3, 5, 26.67, 156105, 499
1721, 0, 377, 382, 367, 4, 0.01%, 3, 3, 5, 296.40, 156731, 499
1726, 0, 352, 382, 366, 3, 0.01%, 3, 3, 5, 259.79, 158014, 499
1731, 0, 352, 382, 366, 3, 0.01%, 3, 3, 5, 247.10, 159267, 499
1736, 0, 352, 382, 366, 3, 0.01%, 3, 3, 5, 161.75, 159959, 499
1741, 0, 344, 382, 365, 2, 0.01%, 3, 3, 5, 24.97, 160743, 499
1746, 0, 344, 382, 365, 2, 0.01%, 3, 3, 5, 28.03, 160909, 499
1751, 0, 344, 382, 365, 2, 0.01%, 3, 3, 5, 34.61, 161099, 499
1757, 0, 344, 382, 365, 2, 0.01%, 3, 3, 5, 34.42, 161276, 499
1762, 0, 344, 382, 365, 2, 0.01%, 3, 3, 5, 34.90, 161465, 499
1767, 0, 344, 382, 365, 2, 0.01%, 3, 3, 5, 339.02, 162255, 499
1772, 0, 344, 382, 365, 2, 0.01%, 3, 3, 5, 25.62, 162576, 499
1777, 0, 344, 382, 365, 2, 0.01%, 3, 3, 5, 19.85, 162661, 499
1782, 0, 344, 382, 365, 2, 0.01%, 3, 3, 5, 14.68, 162813, 499
1787, 0, 335, 382, 364, 1, 0.01%, 3, 3, 5, 82.74, 163078, 499
1792, 0, 335, 382, 364, 1, 0.01%, 3, 3, 5, 57.21, 163305, 499
1797, 0, 335, 382, 364, 1, 0.01%, 3, 3, 5, 52.13, 163560, 499
1802, 0, 335, 382, 364, 1, 0.01%, 3, 3, 5, 45.15, 163780, 499
1808, 0, 335, 382, 364, 1, 0.01%, 3, 3, 5, 14.46, 164082, 499
1813, 0, 335, 382, 364, 1, 0.01%, 3, 3, 5, 142.24, 164210, 499
1818, 0, 335, 382, 364, 1, 0.01%, 3, 3, 5, 307.44, 164676, 499
1823, 0, 335, 382, 364, 1, 0.01%, 3, 3, 5, 26.50, 165033, 499
1828, 0, 335, 382, 364, 1, 0.01%, 3, 3, 5, 16.88, 165105, 499
1833, 0, 335, 382, 364, 1, 0.01%, 3, 3, 5, 17.69, 165193, 499
1838, 0, 335, 382, 364, 1, 0.01%, 3, 3, 5, 29.01, 165349, 499
1843, 0, 83, 382, 364, 1, 0.01%, 3, 3, 5, 100.67, 166141, 499
1848, 0, 83, 382, 364, 1, 0.01%, 3, 3, 5, 122.94, 166760, 499
1854, 0, 83, 382, 364, 1, 0.01%, 3, 3, 5, 134.19, 167456, 499
1859, 0, 83, 383, 365, 1, 0.01%, 3, 3, 5, 137.59, 168155, 499
1864, 0, 83, 383, 365, 1, 0.01%, 3, 3, 5, 100.90, 168581, 499
1869, 0, 151, 383, 364, 0, 0.01%, 3, 3, 5, 35.71, 169128, 499
1874, 0, 335, 383, 364, 0, 0.01%, 3, 3, 5, 38.25, 169577, 499
1879, 0, 335, 383, 364, 0, 0.01%, 3, 3, 5, 43.31, 169814, 499
1884, 0, 335, 383, 364, 0, 0.01%, 3, 3, 5, 45.07, 170072, 499
1890, 0, 335, 383, 364, 0, 0.01%, 3, 3, 5, 40.39, 170285, 499
1895, 0, 335, 383, 364, 0, 0.01%, 3, 3, 5, 277.08, 170674, 499
1900, 0, 335, 383, 364, 0, 0.01%, 3, 3, 5, 72.42, 171234, 499
1905, 0, 335, 383, 364, 0, 0.01%, 3, 3, 5, 317.46, 171685, 499
1910, 0, 335, 383, 364, 0, 0.01%, 3, 3, 5, 14.89, 171984, 499
1915, 0, 335, 383, 364, 0, 0.01%, 3, 3, 5, 14.55, 172057, 499
1920, 0, 292, 383, 364, 0, 0.01%, 3, 3, 5, 132.34, 172464, 499
1925, 0, 292, 383, 364, 0, 0.01%, 3, 3, 5, 152.74, 173110, 499
1930, 0, 249, 383, 364, 0, 0.01%, 3, 3, 5, 166.18, 173999, 499
1935, 0, 151, 383, 364, 0, 0.01%, 3, 3, 5, 171.13, 174850, 499
1940, 0, 343, 383, 364, 0, 0.01%, 3, 3, 5, 31.23, 175429, 499
1946, 0, 343, 383, 364, 0, 0.01%, 3, 3, 5, 38.76, 175632, 499
1951, 0, 343, 383, 364, 0, 0.01%, 3, 3, 5, 48.42, 175883, 499
1956, 0, 343, 383, 364, 0, 0.01%, 3, 3, 5, 47.19, 176117, 499
1961, 0, 343, 383, 364, 0, 0.01%, 3, 3, 5, 14.80, 176678, 499
1966, 0, 343, 383, 364, 0, 0.01%, 3, 3, 5, 14.54, 176753, 499
1971, 0, 343, 383, 364, 0, 0.01%, 3, 3, 5, 14.40, 176932, 499
1976, 0, 343, 383, 364, 0, 0.01%, 3, 3, 5, 14.27, 177004, 499
1981, 0, 343, 383, 364, 0, 0.01%, 3, 3, 5, 13.98, 177076, 499
1983, 0, 343, 383, 364, 0, 0.01%, 3, 3, 5, 20.03, 177124, 499
